/*--------------------------------*- C++ -*----------------------------------*\
  =========                 |
  \\      /  F ield         | OpenFOAM: The Open Source CFD Toolbox
   \\    /   O peration     | Website:  https://openfoam.org
    \\  /    A nd           | Version:  9
     \\/     M anipulation  |
\*---------------------------------------------------------------------------*/
FoamFile
{
    format      ascii;
    class       faceSet;
    location    "constant/polyMesh/sets";
    object      upperTriangularFace;
}
// * * * * * * * * * * * * * * * * * * * * * * * * * * * * * * * * * * * * * //


266
(
0 
12801 
10753 
9732 
9734 
8712 
7691 
7693 
6671 
5650 
5652 
4630 
3609 
3611 
2589 
1568 
1570 
12323 
548 
11302 
11304 
10282 
19500 
9261 
9263 
8241 
16948 
7220 
7222 
6200 
5179 
14396 
5181 
4159 
3138 
3140 
2118 
1097 
1099 
11852 
77 
10831 
10833 
9811 
8790 
8792 
7770 
6749 
6751 
5729 
4708 
4710 
21095 
3688 
2667 
2669 
18543 
1647 
12401 
626 
12403 
628 
11381 
15991 
10360 
10362 
9340 
13439 
8319 
8321 
7299 
6278 
6280 
5258 
4237 
4239 
3217 
2196 
2198 
1176 
11930 
155 
11932 
157 
10910 
9889 
9891 
8869 
7848 
20138 
7850 
6828 
5807 
5809 
17586 
4787 
3766 
3768 
15034 
2746 
1725 
1727 
705 
12482 
11459 
11461 
10439 
9418 
9420 
8398 
7377 
7379 
6357 
5336 
5338 
4316 
3295 
3297 
2275 
1254 
1256 
12009 
234 
10988 
19181 
10990 
9968 
8947 
16629 
8949 
7927 
6906 
6908 
14077 
5886 
4865 
4867 
3845 
2824 
2826 
1804 
783 
785 
11538 
10517 
10519 
9497 
8476 
8478 
7456 
6435 
6437 
5415 
20776 
4394 
4396 
3374 
18224 
2353 
2355 
1333 
12087 
15672 
312 
12089 
314 
11067 
10046 
13120 
10048 
9026 
8005 
8007 
6985 
5964 
5966 
4944 
3923 
3925 
2903 
1882 
1884 
862 
11616 
11618 
10596 
9575 
9577 
19819 
8555 
7534 
7536 
6514 
17267 
5493 
5495 
4473 
14715 
3452 
3454 
2432 
1411 
1413 
12166 
391 
11145 
11147 
10125 
9104 
9106 
8084 
7063 
7065 
6043 
5022 
5024 
4002 
2981 
2983 
1961 
940 
18862 
942 
11695 
10674 
10676 
16310 
9654 
8633 
8635 
7613 
13758 
6592 
6594 
5572 
4551 
4553 
3531 
2510 
2512 
1490 
12244 
469 
12246 
471 
11224 
10203 
10205 
9183 
8162 
8164 
7142 
20457 
6121 
6123 
5101 
4080 
17905 
4082 
3060 
2039 
15353 
2041 
1019 
11773 
11775 
)

// ************************************************************************* //
